X = [1 2 33 12 23]
Y = X(3:5)
A = [1 2 3;4 5 6;7 8 9]
b = A(:,2)
c = A(3,:)
d = A(1:2,2:3)