v = [4:3:34]

u = [v(3) v(5) v(7:10)]